3.459986003797799725e+01 1.007860302925109863e+00 1.000000000000000000e+00
3.470445827398679484e+01 1.022424817085266113e+00 1.000000000000000000e+00
3.443619058925956722e+01 1.037321209907531738e+00 1.000000000000000000e+00
3.419627959937722039e+01 1.052547812461853027e+00 1.000000000000000000e+00
3.399082311255439492e+01 1.068100810050964355e+00 1.000000000000000000e+00
3.381595183285793382e+01 1.083971023559570312e+00 1.000000000000000000e+00
3.366483181766781030e+01 1.100155830383300781e+00 1.000000000000000000e+00
3.354165696872907176e+01 1.116650700569152832e+00 1.000000000000000000e+00
3.345052807115063587e+01 1.133447289466857910e+00 1.000000000000000000e+00
3.338979491579370062e+01 1.150534987449645996e+00 1.000000000000000000e+00
3.335840608528662443e+01 1.167904973030090332e+00 1.000000000000000000e+00
3.335819608895448596e+01 1.185545802116394043e+00 1.000000000000000000e+00
3.338898700851986945e+01 1.203444838523864746e+00 1.000000000000000000e+00
3.345007670964582758e+01 1.221588969230651855e+00 1.000000000000000000e+00
3.354049077776344490e+01 1.239964604377746582e+00 1.000000000000000000e+00
3.366179583976329326e+01 1.258558154106140137e+00 1.000000000000000000e+00
3.381249349165828022e+01 1.277352929115295410e+00 1.000000000000000000e+00
3.398308728859110772e+01 1.296335697174072266e+00 1.000000000000000000e+00
3.417489098927235602e+01 1.315499424934387207e+00 1.000000000000000000e+00
3.440259309327762338e+01 1.334828853607177734e+00 1.000000000000000000e+00
3.466636864348595282e+01 1.354299664497375488e+00 1.000000000000000000e+00
3.495814451501750142e+01 1.373895525932312012e+00 1.000000000000000000e+00
3.651996976030039832e+01 1.393600821495056152e+00 1.000000000000000000e+00
3.683958772633687317e+01 1.412055492401123047e+00 1.000000000000000000e+00
3.596260302804398634e+01 1.431930661201477051e+00 1.000000000000000000e+00
3.635384068915700340e+01 1.451872706413269043e+00 1.000000000000000000e+00
3.676857126691106004e+01 1.471867918968200684e+00 1.000000000000000000e+00
3.720602907512560620e+01 1.491903305053710938e+00 1.000000000000000000e+00
3.766550254651283325e+01 1.511966347694396973e+00 1.000000000000000000e+00
3.818282211869845355e+01 1.532045245170593262e+00 1.000000000000000000e+00
3.875263264419270826e+01 1.552090287208557129e+00 1.000000000000000000e+00
3.930502619798403430e+01 1.572096467018127441e+00 1.000000000000000000e+00
3.984402670708131211e+01 1.592087626457214355e+00 1.000000000000000000e+00
4.040109525687448411e+01 1.612054467201232910e+00 1.000000000000000000e+00
4.097487354464098530e+01 1.631988883018493652e+00 1.000000000000000000e+00
4.156518987341772231e+01 1.651883482933044434e+00 1.000000000000000000e+00
4.217173934617015618e+01 1.671730875968933105e+00 1.000000000000000000e+00
4.279318664350511625e+01 1.691524505615234375e+00 1.000000000000000000e+00
4.342877931161755356e+01 1.711258769035339355e+00 1.000000000000000000e+00
4.407877976515730722e+01 1.730928301811218262e+00 1.000000000000000000e+00
4.474237129076389152e+01 1.750527739524841309e+00 1.000000000000000000e+00
4.539953158155434210e+01 1.770052909851074219e+00 1.000000000000000000e+00
4.606140170541541323e+01 1.789516091346740723e+00 1.000000000000000000e+00
4.675366654752954787e+01 1.808903574943542480e+00 1.000000000000000000e+00
4.746433081198856030e+01 1.828206181526184082e+00 1.000000000000000000e+00
4.818569660713397695e+01 1.847421050071716309e+00 1.000000000000000000e+00
4.891692597035815027e+01 1.866545796394348145e+00 1.000000000000000000e+00
4.965898216752480465e+01 1.885578513145446777e+00 1.000000000000000000e+00
5.041064047305015094e+01 1.904516339302062988e+00 1.000000000000000000e+00
5.117029488814041116e+01 1.923358559608459473e+00 1.000000000000000000e+00
5.193783035890765376e+01 1.942103743553161621e+00 1.000000000000000000e+00
5.271448945580411305e+01 1.960751414299011230e+00 1.000000000000000000e+00
5.350018044376276549e+01 1.979299426078796387e+00 1.000000000000000000e+00
5.428622656728311568e+01 1.997747540473937988e+00 1.000000000000000000e+00
5.506999234789404341e+01 2.016099691390991211e+00 1.000000000000000000e+00
5.586795652458587114e+01 2.034357309341430664e+00 1.000000000000000000e+00
5.667903323501527524e+01 2.052513360977172852e+00 1.000000000000000000e+00
5.749754043550512250e+01 2.070570230484008789e+00 1.000000000000000000e+00
5.832473101097262003e+01 2.088524818420410156e+00 1.000000000000000000e+00
5.915416599710750489e+01 2.106378793716430664e+00 1.000000000000000000e+00
5.999057308886210649e+01 2.124133110046386719e+00 1.000000000000000000e+00
6.083281867923506070e+01 2.141786575317382812e+00 1.000000000000000000e+00
6.168017597744437808e+01 2.159340858459472656e+00 1.000000000000000000e+00
6.253221420890778859e+01 2.176795244216918945e+00 1.000000000000000000e+00
6.338898072763841185e+01 2.194151639938354492e+00 1.000000000000000000e+00
6.425089186137530817e+01 2.211409330368041992e+00 1.000000000000000000e+00
6.511529083942876639e+01 2.228569984436035156e+00 1.000000000000000000e+00
6.599038050598679206e+01 2.245634317398071289e+00 1.000000000000000000e+00
6.686887683201803156e+01 2.262599706649780273e+00 1.000000000000000000e+00
6.774650312486714654e+01 2.279470682144165039e+00 1.000000000000000000e+00
6.862926832744270200e+01 2.296246767044067383e+00 1.000000000000000000e+00
6.951224562912008764e+01 2.312929391860961914e+00 1.000000000000000000e+00
7.040233023979709515e+01 2.329520463943481445e+00 1.000000000000000000e+00
7.129751760716459330e+01 2.346018075942993164e+00 1.000000000000000000e+00
7.219001304103920802e+01 2.362425088882446289e+00 1.000000000000000000e+00
7.308694537436544181e+01 2.378743171691894531e+00 1.000000000000000000e+00
7.399099902035163723e+01 2.394971847534179688e+00 1.000000000000000000e+00
7.489786925190523448e+01 2.411111593246459961e+00 1.000000000000000000e+00
7.580466283433609931e+01 2.427163839340209961e+00 1.000000000000000000e+00
7.671346329485393767e+01 2.443130254745483398e+00 1.000000000000000000e+00
7.762588623124050002e+01 2.459011316299438477e+00 1.000000000000000000e+00
7.849913031641357009e+01 2.474807977676391602e+00 1.000000000000000000e+00
7.935333485262837883e+01 2.490537881851196289e+00 1.000000000000000000e+00
8.025206895498686777e+01 2.506193399429321289e+00 1.000000000000000000e+00
8.117465080583269810e+01 2.521766901016235352e+00 1.000000000000000000e+00
8.210054620357655608e+01 2.537259340286254883e+00 1.000000000000000000e+00
8.302904979410783426e+01 2.552671194076538086e+00 1.000000000000000000e+00
8.395878056575388371e+01 2.568003654479980469e+00 1.000000000000000000e+00
8.489025737454460341e+01 2.583257675170898438e+00 1.000000000000000000e+00
8.582606607079576122e+01 2.598434209823608398e+00 1.000000000000000000e+00
8.676275090229849241e+01 2.613533258438110352e+00 1.000000000000000000e+00
8.770019568537610155e+01 2.628556966781616211e+00 1.000000000000000000e+00
8.864104409001878082e+01 2.643505334854125977e+00 1.000000000000000000e+00
8.958239533370290530e+01 2.658379554748535156e+00 1.000000000000000000e+00
9.052627669452182602e+01 2.673180580139160156e+00 1.000000000000000000e+00
9.147111990977761309e+01 2.687908887863159180e+00 1.000000000000000000e+00
9.242659937052559371e+01 2.702565908432006836e+00 1.000000000000000000e+00
9.343731245388210027e+01 2.717149019241333008e+00 1.000000000000000000e+00
9.443755460674897506e+01 2.731645822525024414e+00 1.000000000000000000e+00
9.538767515818067011e+01 2.746074438095092773e+00 1.000000000000000000e+00
9.634126878463612798e+01 2.760434389114379883e+00 1.000000000000000000e+00
9.729589934372779680e+01 2.774727106094360352e+00 1.000000000000000000e+00
9.825389732562827305e+01 2.788952827453613281e+00 1.000000000000000000e+00
9.921021543031213241e+01 2.803112268447875977e+00 1.000000000000000000e+00
1.001654954351640754e+02 2.817207098007202148e+00 1.000000000000000000e+00
1.011229647796171349e+02 2.831237792968750000e+00 1.000000000000000000e+00
1.020843028229255793e+02 2.845205068588256836e+00 1.000000000000000000e+00
1.030503738076823907e+02 2.859108924865722656e+00 1.000000000000000000e+00
1.040122311224666021e+02 2.872949838638305664e+00 1.000000000000000000e+00
1.049723346887110580e+02 2.886730194091796875e+00 1.000000000000000000e+00
1.059396514939085421e+02 2.900449752807617188e+00 1.000000000000000000e+00
1.069086925337625047e+02 2.914108514785766602e+00 1.000000000000000000e+00
1.078756061564410658e+02 2.927707672119140625e+00 1.000000000000000000e+00
1.088372887038148065e+02 2.941248178482055664e+00 1.000000000000000000e+00
1.098031648149132593e+02 2.954731941223144531e+00 1.000000000000000000e+00
1.107721978520647355e+02 2.968157529830932617e+00 1.000000000000000000e+00
1.117384400939982356e+02 2.981527090072631836e+00 1.000000000000000000e+00
1.127157804059510795e+02 2.994840621948242188e+00 1.000000000000000000e+00
1.136911286325749018e+02 3.008096933364868164e+00 1.000000000000000000e+00
1.146602153456388038e+02 3.021299123764038086e+00 1.000000000000000000e+00
1.156394453984608504e+02 3.034446954727172852e+00 1.000000000000000000e+00
1.166162576407262179e+02 3.047539710998535156e+00 1.000000000000000000e+00
1.175926624833966940e+02 3.060580015182495117e+00 1.000000000000000000e+00
1.185728095509648483e+02 3.073566675186157227e+00 1.000000000000000000e+00
1.195468187274910008e+02 3.086501359939575195e+00 1.000000000000000000e+00
1.205299986092438900e+02 3.099385023117065430e+00 1.000000000000000000e+00
1.215100346278437655e+02 3.112215995788574219e+00 1.000000000000000000e+00
1.224925329894209511e+02 3.124997854232788086e+00 1.000000000000000000e+00
1.234784860483008373e+02 3.137727737426757812e+00 1.000000000000000000e+00
1.244598046510751743e+02 3.150408983230590820e+00 1.000000000000000000e+00
1.254420669440242051e+02 3.163040399551391602e+00 1.000000000000000000e+00
1.307811106965418446e+02 3.175624132156372070e+00 1.000000000000000000e+00
1.317388892173673014e+02 3.187322378158569336e+00 1.000000000000000000e+00
1.282785116225722675e+02 3.199818372726440430e+00 1.000000000000000000e+00
1.292643480763695720e+02 3.212266683578491211e+00 1.000000000000000000e+00
1.302507800462249747e+02 3.224668741226196289e+00 1.000000000000000000e+00
1.312427549540840914e+02 3.237024068832397461e+00 1.000000000000000000e+00
1.322326567442221403e+02 3.249333143234252930e+00 1.000000000000000000e+00
1.332177329827636640e+02 3.261596918106079102e+00 1.000000000000000000e+00
1.342082315225677860e+02 3.273816347122192383e+00 1.000000000000000000e+00
1.352028468005375714e+02 3.285990476608276367e+00 1.000000000000000000e+00
1.361922577088173796e+02 3.298120498657226562e+00 1.000000000000000000e+00
1.371870460945605430e+02 3.310207128524780273e+00 1.000000000000000000e+00
1.381790190789734538e+02 3.322249650955200195e+00 1.000000000000000000e+00
1.391722130446032395e+02 3.334250211715698242e+00 1.000000000000000000e+00
1.401678917407370477e+02 3.346207380294799805e+00 1.000000000000000000e+00
1.411604429745439973e+02 3.358123064041137695e+00 1.000000000000000000e+00
1.421582118073016261e+02 3.369996786117553711e+00 1.000000000000000000e+00
1.431526048079446127e+02 3.381829023361206055e+00 1.000000000000000000e+00
1.441463654223968547e+02 3.393620729446411133e+00 1.000000000000000000e+00
1.451496905582147008e+02 3.405371904373168945e+00 1.000000000000000000e+00
1.461716861633231588e+02 3.417081832885742188e+00 1.000000000000000000e+00
1.471992139121178411e+02 3.428749084472656250e+00 1.000000000000000000e+00
1.482126027115858733e+02 3.440375089645385742e+00 1.000000000000000000e+00
1.492082938290943446e+02 3.451961517333984375e+00 1.000000000000000000e+00
1.502043633355735892e+02 3.463510274887084961e+00 1.000000000000000000e+00
1.512085131546186290e+02 3.475020170211791992e+00 1.000000000000000000e+00
1.522129965026230423e+02 3.486491918563842773e+00 1.000000000000000000e+00
1.532097222222222115e+02 3.497925519943237305e+00 1.000000000000000000e+00
1.542081403876375134e+02 3.509322881698608398e+00 1.000000000000000000e+00
1.552162986009649330e+02 3.520682573318481445e+00 1.000000000000000000e+00
1.562162982959338535e+02 3.532005310058593750e+00 1.000000000000000000e+00
1.572178379121750993e+02 3.543292284011840820e+00 1.000000000000000000e+00
1.582225158394090840e+02 3.554542779922485352e+00 1.000000000000000000e+00
1.592269823694744844e+02 3.565757751464843750e+00 1.000000000000000000e+00
1.602311282467532578e+02 3.576936960220336914e+00 1.000000000000000000e+00
1.612331690593529174e+02 3.588081359863281250e+00 1.000000000000000000e+00
1.622399299286389862e+02 3.599190950393676758e+00 1.000000000000000000e+00
1.632514554314545592e+02 3.610265731811523438e+00 1.000000000000000000e+00
1.642553557331487752e+02 3.621305704116821289e+00 1.000000000000000000e+00
1.652567849007484426e+02 3.632312536239624023e+00 1.000000000000000000e+00
1.662646015580798178e+02 3.643285512924194336e+00 1.000000000000000000e+00
1.672551888954363903e+02 3.654225111007690430e+00 1.000000000000000000e+00
1.682538909441148860e+02 3.665133714675903320e+00 1.000000000000000000e+00
1.692644307827423518e+02 3.676008462905883789e+00 1.000000000000000000e+00
1.702683880202598630e+02 3.686851263046264648e+00 1.000000000000000000e+00
1.712768304803975639e+02 3.697661638259887695e+00 1.000000000000000000e+00
1.722860038545889552e+02 3.708440065383911133e+00 1.000000000000000000e+00
1.732996978247828110e+02 3.719186544418334961e+00 1.000000000000000000e+00
1.743101838440111351e+02 3.729901075363159180e+00 1.000000000000000000e+00
1.753212609511889752e+02 3.740584611892700195e+00 1.000000000000000000e+00
1.763328439503295044e+02 3.751236677169799805e+00 1.000000000000000000e+00
1.773409274828035791e+02 3.761858224868774414e+00 1.000000000000000000e+00
1.783533860859371600e+02 3.772449254989624023e+00 1.000000000000000000e+00
1.793662024372046631e+02 3.783009767532348633e+00 1.000000000000000000e+00
1.803772885467798801e+02 3.793540239334106445e+00 1.000000000000000000e+00
1.813885996225642998e+02 3.804040908813476562e+00 1.000000000000000000e+00
1.824063184056913656e+02 3.814512014389038086e+00 1.000000000000000000e+00
1.834242202506173953e+02 3.824953079223632812e+00 1.000000000000000000e+00
1.844359385927700998e+02 3.835365056991577148e+00 1.000000000000000000e+00
1.854519188760376096e+02 3.845748186111450195e+00 1.000000000000000000e+00
1.864657358943023837e+02 3.856102228164672852e+00 1.000000000000000000e+00
1.874794797687861205e+02 3.866428136825561523e+00 1.000000000000000000e+00
1.884930561995734024e+02 3.876725435256958008e+00 1.000000000000000000e+00
1.894778076078239906e+02 3.886995077133178711e+00 1.000000000000000000e+00
1.904530922309735672e+02 3.897239685058593750e+00 1.000000000000000000e+00
1.914588264155792672e+02 3.907458066940307617e+00 1.000000000000000000e+00
1.924730473691608381e+02 3.917648553848266602e+00 1.000000000000000000e+00
1.934891360518650743e+02 3.927812337875366211e+00 1.000000000000000000e+00
1.945047339786617613e+02 3.937948465347290039e+00 1.000000000000000000e+00
1.955244533131818798e+02 3.948058366775512695e+00 1.000000000000000000e+00
1.965482561030473789e+02 3.958140611648559570e+00 1.000000000000000000e+00
1.975668652960448242e+02 3.968196630477905273e+00 1.000000000000000000e+00
1.985847972007997839e+02 3.978225946426391602e+00 1.000000000000000000e+00
1.996020213349879384e+02 3.988229513168334961e+00 1.000000000000000000e+00
2.006160352191025424e+02 3.998206853866577148e+00 1.000000000000000000e+00
2.016364377811094357e+02 4.008159160614013672e+00 1.000000000000000000e+00
2.026729922793852268e+02 4.018085002899169922e+00 1.000000000000000000e+00
2.036867283950617207e+02 4.027984619140625000e+00 1.000000000000000000e+00
2.047044020596127325e+02 4.037860393524169922e+00 1.000000000000000000e+00
2.057358943286475892e+02 4.047709941864013672e+00 1.000000000000000000e+00
2.067513910148941818e+02 4.057534694671630859e+00 1.000000000000000000e+00
2.077707409753008108e+02 4.067335128784179688e+00 1.000000000000000000e+00
2.088041466214071136e+02 4.077110767364501953e+00 1.000000000000000000e+00
2.098210193889541699e+02 4.086861133575439453e+00 1.000000000000000000e+00
2.108262331288343603e+02 4.096588611602783203e+00 1.000000000000000000e+00
2.118611213619701346e+02 4.106292247772216797e+00 1.000000000000000000e+00
2.128947095819459889e+02 4.115970611572265625e+00 1.000000000000000000e+00
2.139270101869251448e+02 4.125625610351562500e+00 1.000000000000000000e+00
2.149631906402597679e+02 4.135255813598632812e+00 1.000000000000000000e+00
2.159872530749161399e+02 4.144862651824951172e+00 1.000000000000000000e+00
2.170205001743635762e+02 4.154446125030517578e+00 1.000000000000000000e+00
2.180521624051138758e+02 4.164005756378173828e+00 1.000000000000000000e+00
2.190657506132051822e+02 4.173542499542236328e+00 1.000000000000000000e+00
2.200884869163802477e+02 4.183057308197021484e+00 1.000000000000000000e+00
2.211148777788954760e+02 4.192548751831054688e+00 1.000000000000000000e+00
2.221450250825581634e+02 4.202018260955810547e+00 1.000000000000000000e+00
2.231676015767131673e+02 4.211464405059814453e+00 1.000000000000000000e+00
2.241882028163306586e+02 4.220889568328857422e+00 1.000000000000000000e+00
2.252237877633917265e+02 4.230291843414306641e+00 1.000000000000000000e+00
2.262516413049009998e+02 4.239672183990478516e+00 1.000000000000000000e+00
2.272831454369229220e+02 4.249030590057373047e+00 1.000000000000000000e+00
2.283183259191082470e+02 4.258367061614990234e+00 1.000000000000000000e+00
2.293395771941063401e+02 4.267681598663330078e+00 1.000000000000000000e+00
2.303643928498048012e+02 4.276975631713867188e+00 1.000000000000000000e+00
2.313867637973640967e+02 4.286247730255126953e+00 1.000000000000000000e+00
2.324126934984520005e+02 4.295499801635742188e+00 1.000000000000000000e+00
2.334602136077995169e+02 4.304729938507080078e+00 1.000000000000000000e+00
2.344811186273747410e+02 4.313938617706298828e+00 1.000000000000000000e+00
2.355116375727348270e+02 4.323127746582031250e+00 1.000000000000000000e+00
2.365456273269285816e+02 4.332294940948486328e+00 1.000000000000000000e+00
2.375584459635756502e+02 4.341442584991455078e+00 1.000000000000000000e+00
2.385995188158686062e+02 4.350570201873779297e+00 1.000000000000000000e+00
2.396567234600261997e+02 4.359676361083984375e+00 1.000000000000000000e+00
2.407050679137219902e+02 4.368761539459228516e+00 1.000000000000000000e+00
2.417443519932592437e+02 4.377826213836669922e+00 1.000000000000000000e+00
2.427679702343255315e+02 4.386870861053466797e+00 1.000000000000000000e+00
2.438014175019173422e+02 4.395896434783935547e+00 1.000000000000000000e+00
2.448447613241803253e+02 4.404901504516601562e+00 1.000000000000000000e+00
2.458720781980450454e+02 4.413887023925781250e+00 1.000000000000000000e+00
2.469027604014161454e+02 4.422853469848632812e+00 1.000000000000000000e+00
2.479434173669467896e+02 4.431800365447998047e+00 1.000000000000000000e+00
2.489542611206159108e+02 4.440727710723876953e+00 1.000000000000000000e+00
2.499884001285898023e+02 4.449637889862060547e+00 1.000000000000000000e+00
2.510460195999463053e+02 4.458527088165283203e+00 1.000000000000000000e+00
2.520733984448569913e+02 4.467397689819335938e+00 1.000000000000000000e+00
2.530903992882370517e+02 4.476249694824218750e+00 1.000000000000000000e+00
2.541311736734032252e+02 4.485084056854248047e+00 1.000000000000000000e+00
2.551959924180882808e+02 4.493898391723632812e+00 1.000000000000000000e+00
2.562157916157916020e+02 4.502693653106689453e+00 1.000000000000000000e+00
2.572248110488826001e+02 4.511472225189208984e+00 1.000000000000000000e+00
2.582719867044463626e+02 4.520232677459716797e+00 1.000000000000000000e+00
2.593225304428548270e+02 4.528974056243896484e+00 1.000000000000000000e+00
2.603622708618331103e+02 4.537697315216064453e+00 1.000000000000000000e+00
2.613766379735731107e+02 4.546402454376220703e+00 1.000000000000000000e+00
2.624084990660367112e+02 4.555091381072998047e+00 1.000000000000000000e+00
2.634579663069808362e+02 4.563761234283447266e+00 1.000000000000000000e+00
2.645108407811982829e+02 4.572413921356201172e+00 1.000000000000000000e+00
2.655376727473742449e+02 4.581047534942626953e+00 1.000000000000000000e+00
2.665455678325163831e+02 4.589665889739990234e+00 1.000000000000000000e+00
2.675859925634052843e+02 4.598266601562500000e+00 1.000000000000000000e+00
2.685997664655675976e+02 4.606850147247314453e+00 1.000000000000000000e+00
2.696165181058495932e+02 4.615417957305908203e+00 1.000000000000000000e+00
2.706739518785239511e+02 4.623968601226806641e+00 1.000000000000000000e+00
3.598836451194665642e+02 4.632501125335693359e+00 1.000000000000000000e+00
8.398874374051740688e+01 4.636840820312500000e+00 2.000000000000000000e+00
4.502210968214925657e+01 4.712797641754150391e+00 2.000000000000000000e+00
4.626254600165082564e+01 4.786633968353271484e+00 2.000000000000000000e+00
4.746295275397567082e+01 4.858574390411376953e+00 2.000000000000000000e+00
4.866025526554328451e+01 4.928723812103271484e+00 2.000000000000000000e+00
4.985582628943919303e+01 4.997168064117431641e+00 2.000000000000000000e+00
5.104466485045812618e+01 5.063993930816650391e+00 2.000000000000000000e+00
5.222169077812903026e+01 5.129287719726562500e+00 2.000000000000000000e+00
5.338124422409268988e+01 5.193135738372802734e+00 2.000000000000000000e+00
5.451707229178415304e+01 5.255624294281005859e+00 2.000000000000000000e+00
5.562320273664278147e+01 5.316840171813964844e+00 2.000000000000000000e+00
5.669299119509634721e+01 5.376868724822998047e+00 2.000000000000000000e+00
5.771910344824487993e+01 5.435796737670898438e+00 2.000000000000000000e+00
5.869838808302525024e+01 5.493710517883300781e+00 2.000000000000000000e+00
5.964549961176229687e+01 5.550689220428466797e+00 2.000000000000000000e+00
6.058446284554322148e+01 5.606778621673583984e+00 2.000000000000000000e+00
6.152561397907857099e+01 5.662004947662353516e+00 2.000000000000000000e+00
6.247024286079305710e+01 5.716391563415527344e+00 2.000000000000000000e+00
6.341730494148761466e+01 5.769960403442382812e+00 2.000000000000000000e+00
6.436480539486511532e+01 5.822734832763671875e+00 2.000000000000000000e+00
6.531238259334318741e+01 5.874738216400146484e+00 2.000000000000000000e+00
6.625846437628861452e+01 5.925992488861083984e+00 2.000000000000000000e+00
6.720169017927808852e+01 5.976521492004394531e+00 2.000000000000000000e+00
6.814062754898937158e+01 6.026347160339355469e+00 2.000000000000000000e+00
6.907343625310460311e+01 6.075493335723876953e+00 2.000000000000000000e+00
6.999921065014592614e+01 6.123982429504394531e+00 2.000000000000000000e+00
7.091598564672719363e+01 6.171837329864501953e+00 2.000000000000000000e+00
7.182206232703984483e+01 6.219080924987792969e+00 2.000000000000000000e+00
7.271568387373102382e+01 6.265736103057861328e+00 2.000000000000000000e+00
7.359465759919598327e+01 6.311825752258300781e+00 2.000000000000000000e+00
7.445788350262800748e+01 6.357373237609863281e+00 2.000000000000000000e+00
7.530309031366002159e+01 6.402400493621826172e+00 2.000000000000000000e+00
7.612793765510483013e+01 6.446931362152099609e+00 2.000000000000000000e+00
7.693169920442494458e+01 6.490988254547119141e+00 2.000000000000000000e+00
7.771117388440845275e+01 6.534593582153320312e+00 2.000000000000000000e+00
7.846392260481600545e+01 6.577771186828613281e+00 2.000000000000000000e+00
7.918969598620758177e+01 6.620543956756591797e+00 2.000000000000000000e+00
7.988793656413135125e+01 6.662933826446533203e+00 2.000000000000000000e+00
8.056737881136281487e+01 6.704962253570556641e+00 2.000000000000000000e+00
8.124214050124757591e+01 6.746640205383300781e+00 2.000000000000000000e+00
8.191880933825672173e+01 6.787973403930664062e+00 2.000000000000000000e+00
8.259816102085910927e+01 6.828965663909912109e+00 2.000000000000000000e+00
8.327906608082649598e+01 6.869621753692626953e+00 2.000000000000000000e+00
8.396281605642572288e+01 6.909946441650390625e+00 2.000000000000000000e+00
8.464825961767687090e+01 6.949943065643310547e+00 2.000000000000000000e+00
8.533468796196819994e+01 6.989617347717285156e+00 2.000000000000000000e+00
8.602344437684025991e+01 7.028973102569580078e+00 2.000000000000000000e+00
8.671330701115665818e+01 7.068014621734619141e+00 2.000000000000000000e+00
8.740405968235558021e+01 7.106746673583984375e+00 2.000000000000000000e+00
8.809547858182608593e+01 7.145173549652099609e+00 2.000000000000000000e+00
8.878788962057532785e+01 7.183300018310546875e+00 2.000000000000000000e+00
8.948164594697284713e+01 7.221129894256591797e+00 2.000000000000000000e+00
9.017482889430563375e+01 7.258667469024658203e+00 2.000000000000000000e+00
9.086715782148505127e+01 7.295917987823486328e+00 2.000000000000000000e+00
9.156012218270775804e+01 7.332885742187500000e+00 2.000000000000000000e+00
9.225290435291265112e+01 7.369574546813964844e+00 2.000000000000000000e+00
9.294464350875799141e+01 7.405989170074462891e+00 2.000000000000000000e+00
9.363505497292669588e+01 7.442133903503417969e+00 2.000000000000000000e+00
9.432384648460205767e+01 7.478013515472412109e+00 2.000000000000000000e+00
9.501071828670545472e+01 7.513632297515869141e+00 2.000000000000000000e+00
9.569665823211464328e+01 7.548995018005371094e+00 2.000000000000000000e+00
9.638009399662463750e+01 7.584105014801025391e+00 2.000000000000000000e+00
9.706003811139947857e+01 7.618968009948730469e+00 2.000000000000000000e+00
9.773816048817030833e+01 7.653587818145751953e+00 2.000000000000000000e+00
9.841349722668034872e+01 7.687968730926513672e+00 2.000000000000000000e+00
9.908434634851504086e+01 7.722115039825439453e+00 2.000000000000000000e+00
9.975103511260489597e+01 7.756031990051269531e+00 2.000000000000000000e+00
1.004146350210204304e+02 7.789723396301269531e+00 2.000000000000000000e+00
1.010726752002107247e+02 7.823193550109863281e+00 2.000000000000000000e+00
1.017262249945385690e+02 7.856447696685791016e+00 2.000000000000000000e+00
1.023749412848309959e+02 7.889489173889160156e+00 2.000000000000000000e+00
1.030169751142886128e+02 7.922323226928710938e+00 2.000000000000000000e+00
1.036541966304668847e+02 7.954954147338867188e+00 2.000000000000000000e+00
1.042839695140957019e+02 7.987385749816894531e+00 2.000000000000000000e+00
1.049074331936913040e+02 8.019623756408691406e+00 2.000000000000000000e+00
1.055242226507945134e+02 8.051671028137207031e+00 2.000000000000000000e+00
1.061339695435972885e+02 8.083533287048339844e+00 2.000000000000000000e+00
1.067346915917581356e+02 8.115213394165039062e+00 2.000000000000000000e+00
1.073259611880639142e+02 8.146718025207519531e+00 2.000000000000000000e+00
1.079106429945727683e+02 8.178050041198730469e+00 2.000000000000000000e+00
1.084867491519443803e+02 8.209214210510253906e+00 2.000000000000000000e+00
1.090522199784156783e+02 8.240214347839355469e+00 2.000000000000000000e+00
1.096066253870290979e+02 8.271056175231933594e+00 2.000000000000000000e+00
1.101512524606355754e+02 8.301743507385253906e+00 2.000000000000000000e+00
1.106857245647974395e+02 8.332281112670898438e+00 2.000000000000000000e+00
1.112114151748052961e+02 8.362672805786132812e+00 2.000000000000000000e+00
1.117297645313837791e+02 8.392922401428222656e+00 2.000000000000000000e+00
1.122458414425222202e+02 8.423032760620117188e+00 2.000000000000000000e+00
1.127649097721347573e+02 8.453004837036132812e+00 2.000000000000000000e+00
1.132851714387380042e+02 8.482838630676269531e+00 2.000000000000000000e+00
1.138047612848875474e+02 8.512536048889160156e+00 2.000000000000000000e+00
1.143254426759411899e+02 8.542098045349121094e+00 2.000000000000000000e+00
1.148509104255236366e+02 8.571525573730468750e+00 2.000000000000000000e+00
1.153774658060782627e+02 8.600817680358886719e+00 2.000000000000000000e+00
1.159012727688783428e+02 8.629977226257324219e+00 2.000000000000000000e+00
1.164298575286948960e+02 8.659005165100097656e+00 2.000000000000000000e+00
1.169594167695468911e+02 8.687900543212890625e+00 2.000000000000000000e+00
1.174899110588370519e+02 8.716666221618652344e+00 2.000000000000000000e+00
1.180232698018983513e+02 8.745301246643066406e+00 2.000000000000000000e+00
1.185555300549950317e+02 8.773807525634765625e+00 2.000000000000000000e+00
1.190886016860669798e+02 8.802186012268066406e+00 2.000000000000000000e+00
1.196244651394796961e+02 8.830437660217285156e+00 2.000000000000000000e+00
1.201610891356194912e+02 8.858562469482421875e+00 2.000000000000000000e+00
1.206984290006714815e+02 8.886562347412109375e+00 2.000000000000000000e+00
1.212364391078253050e+02 8.914437294006347656e+00 2.000000000000000000e+00
1.217771699108032237e+02 8.942189216613769531e+00 2.000000000000000000e+00
1.223185141182838294e+02 8.969817161560058594e+00 2.000000000000000000e+00
1.228582890029420867e+02 8.997323989868164062e+00 2.000000000000000000e+00
1.234006955069336868e+02 9.024709701538085938e+00 2.000000000000000000e+00
1.239435677279877694e+02 9.051975250244140625e+00 2.000000000000000000e+00
1.244868544998828099e+02 9.079121589660644531e+00 2.000000000000000000e+00
1.250327143237091718e+02 9.106149673461914062e+00 2.000000000000000000e+00
1.255789220187587460e+02 9.133059501647949219e+00 2.000000000000000000e+00
1.261254237126407531e+02 9.159852981567382812e+00 2.000000000000000000e+00
1.266721645240630068e+02 9.186530113220214844e+00 2.000000000000000000e+00
1.272190885604350541e+02 9.213092803955078125e+00 2.000000000000000000e+00
1.277661389159561764e+02 9.239541053771972656e+00 2.000000000000000000e+00
1.283155859396553069e+02 9.265876770019531250e+00 2.000000000000000000e+00
1.288650823077546193e+02 9.292098999023437500e+00 2.000000000000000000e+00
1.294145683201936663e+02 9.318210601806640625e+00 2.000000000000000000e+00
1.299639832522300651e+02 9.344210624694824219e+00 2.000000000000000000e+00
1.305132653548223800e+02 9.370101928710937500e+00 2.000000000000000000e+00
1.310647809604363374e+02 9.395883560180664062e+00 2.000000000000000000e+00
1.316136284518954653e+02 9.421557426452636719e+00 2.000000000000000000e+00
1.321646218502661725e+02 9.447124481201171875e+00 2.000000000000000000e+00
1.327152664349587496e+02 9.472584724426269531e+00 2.000000000000000000e+00
1.332654955661153053e+02 9.497940063476562500e+00 2.000000000000000000e+00
1.338177738049076027e+02 9.523190498352050781e+00 2.000000000000000000e+00
1.343695420065429573e+02 9.548336982727050781e+00 2.000000000000000000e+00
1.349181565368096756e+02 9.573380470275878906e+00 2.000000000000000000e+00
1.354686741005027386e+02 9.598322868347167969e+00 2.000000000000000000e+00
1.360210863205744261e+02 9.623163223266601562e+00 2.000000000000000000e+00
1.365674717892729575e+02 9.647903442382812500e+00 2.000000000000000000e+00
1.371156058618750251e+02 9.672545433044433594e+00 2.000000000000000000e+00
1.376681577028119818e+02 9.697088241577148438e+00 2.000000000000000000e+00
1.382170759478596551e+02 9.721532821655273438e+00 2.000000000000000000e+00
1.387622200211989991e+02 9.745881080627441406e+00 2.000000000000000000e+00
1.393089369355096778e+02 9.770133972167968750e+00 2.000000000000000000e+00
1.398572129169618563e+02 9.794291496276855469e+00 2.000000000000000000e+00
1.404042460532967311e+02 9.818354606628417969e+00 2.000000000000000000e+00
1.409471469489026276e+02 9.842324256896972656e+00 2.000000000000000000e+00
1.414914315356518273e+02 9.866202354431152344e+00 2.000000000000000000e+00
1.420370831084488543e+02 9.889987945556640625e+00 2.000000000000000000e+00
1.425754603262231512e+02 9.913682937622070312e+00 2.000000000000000000e+00
1.431150379810642050e+02 9.937289237976074219e+00 2.000000000000000000e+00
1.436587152203218523e+02 9.960805892944335938e+00 2.000000000000000000e+00
1.441977173532420125e+02 9.984233856201171875e+00 2.000000000000000000e+00
1.447318922783533139e+02 1.000757503509521484e+01 2.000000000000000000e+00
1.452670553968846150e+02 1.003083038330078125e+01 2.000000000000000000e+00
1.458031846089841963e+02 1.005399990081787109e+01 2.000000000000000000e+00
1.463342008633283342e+02 1.007708454132080078e+01 2.000000000000000000e+00
1.468660489453861260e+02 1.010008621215820312e+01 2.000000000000000000e+00
1.473956324222094167e+02 1.012300395965576172e+01 2.000000000000000000e+00
1.479228602418178014e+02 1.014584064483642578e+01 2.000000000000000000e+00
1.484476406306094702e+02 1.016859531402587891e+01 2.000000000000000000e+00
1.489698811190297647e+02 1.019127082824707031e+01 2.000000000000000000e+00
1.494926487552922083e+02 1.021386623382568359e+01 2.000000000000000000e+00
1.500127334900369647e+02 1.023638343811035156e+01 2.000000000000000000e+00
1.505300408003819541e+02 1.025882244110107422e+01 2.000000000000000000e+00
1.510444755589803947e+02 1.028118515014648438e+01 2.000000000000000000e+00
1.515559420643022577e+02 1.030347156524658203e+01 2.000000000000000000e+00
1.520676140618958812e+02 1.032568359375000000e+01 2.000000000000000000e+00
1.525761684802007210e+02 1.034782028198242188e+01 2.000000000000000000e+00
1.530781941449550345e+02 1.036988449096679688e+01 2.000000000000000000e+00
1.535801988645964116e+02 1.039187622070312500e+01 2.000000000000000000e+00
1.540787924159042745e+02 1.041379642486572266e+01 2.000000000000000000e+00
1.545772548902758956e+02 1.043564605712890625e+01 2.000000000000000000e+00
1.550721515880957782e+02 1.045742511749267578e+01 2.000000000000000000e+00
1.555599607716919195e+02 1.047913551330566406e+01 2.000000000000000000e+00
1.560474050956670169e+02 1.050077819824218750e+01 2.000000000000000000e+00
1.565309838351449230e+02 1.052235317230224609e+01 2.000000000000000000e+00
1.570105965212447643e+02 1.054386234283447266e+01 2.000000000000000000e+00
1.574896498311955497e+02 1.056530570983886719e+01 2.000000000000000000e+00
1.579645778524436253e+02 1.058668422698974609e+01 2.000000000000000000e+00
1.584317297349689966e+02 1.060799884796142578e+01 2.000000000000000000e+00
1.588980823458642533e+02 1.062925148010253906e+01 2.000000000000000000e+00
1.593635970775756618e+02 1.065044116973876953e+01 2.000000000000000000e+00
1.598210106158687438e+02 1.067156982421875000e+01 2.000000000000000000e+00
1.602737921381701369e+02 1.069263839721679688e+01 2.000000000000000000e+00
1.607254933569785749e+02 1.071364784240722656e+01 2.000000000000000000e+00
1.611724007822122076e+02 1.073459815979003906e+01 2.000000000000000000e+00
1.616144130341059792e+02 1.075549125671386719e+01 2.000000000000000000e+00
1.620514289545887152e+02 1.077632713317871094e+01 2.000000000000000000e+00
1.624870811038428258e+02 1.079710769653320312e+01 2.000000000000000000e+00
1.629250819445291540e+02 1.081783199310302734e+01 2.000000000000000000e+00
1.633616766013755068e+02 1.083850097656250000e+01 2.000000000000000000e+00
1.637968234016710198e+02 1.085911464691162109e+01 2.000000000000000000e+00
1.642342945961340774e+02 1.087967395782470703e+01 2.000000000000000000e+00
1.646741088587276636e+02 1.090017795562744141e+01 2.000000000000000000e+00
1.651085747541522721e+02 1.092062759399414062e+01 2.000000000000000000e+00
1.655492147373429646e+02 1.094102382659912109e+01 2.000000000000000000e+00
1.659922129646575684e+02 1.096136474609375000e+01 2.000000000000000000e+00
1.664297542179417349e+02 1.098165225982666016e+01 2.000000000000000000e+00
1.668696082099283444e+02 1.100188636779785156e+01 2.000000000000000000e+00
1.673157519630981653e+02 1.102206707000732422e+01 2.000000000000000000e+00
1.677563281472776566e+02 1.104219341278076172e+01 2.000000000000000000e+00
1.681992307095198385e+02 1.106226825714111328e+01 2.000000000000000000e+00
1.686444781245908473e+02 1.108228874206542969e+01 2.000000000000000000e+00
1.690880459260758073e+02 1.110225772857666016e+01 2.000000000000000000e+00
1.695339532201846851e+02 1.112217330932617188e+01 2.000000000000000000e+00
1.699781327481273934e+02 1.114203739166259766e+01 2.000000000000000000e+00
1.704246458938724516e+02 1.116184902191162109e+01 2.000000000000000000e+00
1.708693823205997830e+02 1.118160915374755859e+01 2.000000000000000000e+00
1.713164459692897594e+02 1.120131778717041016e+01 2.000000000000000000e+00
1.717658551547326340e+02 1.122097492218017578e+01 2.000000000000000000e+00
1.722134343988588796e+02 1.124058055877685547e+01 2.000000000000000000e+00
1.726633522980843622e+02 1.126013565063476562e+01 2.000000000000000000e+00
1.731113893933988379e+02 1.127963924407958984e+01 2.000000000000000000e+00
1.735617577243359335e+02 1.129909324645996094e+01 2.000000000000000000e+00
1.740144755332531759e+02 1.131849575042724609e+01 2.000000000000000000e+00
1.744609526994706528e+02 1.133784866333007812e+01 2.000000000000000000e+00
1.749140531974657335e+02 1.135715198516845703e+01 2.000000000000000000e+00
1.753651644567971175e+02 1.137640476226806641e+01 2.000000000000000000e+00
1.758142374004361557e+02 1.139560890197753906e+01 2.000000000000000000e+00
1.762700098888364835e+02 1.141476345062255859e+01 2.000000000000000000e+00
1.767237350173770665e+02 1.143386840820312500e+01 2.000000000000000000e+00
1.771753628321685312e+02 1.145292472839355469e+01 2.000000000000000000e+00
1.776293048835835009e+02 1.147193241119384766e+01 2.000000000000000000e+00
1.780855790052718817e+02 1.149089145660400391e+01 2.000000000000000000e+00
1.785396954332544510e+02 1.150980186462402344e+01 2.000000000000000000e+00
1.789916031365885942e+02 1.152866458892822266e+01 2.000000000000000000e+00
1.794458043219737817e+02 1.154747962951660156e+01 2.000000000000000000e+00
1.799023164933433634e+02 1.156624698638916016e+01 2.000000000000000000e+00
1.803611573332060516e+02 1.158496665954589844e+01 2.000000000000000000e+00
1.808177211567757467e+02 1.160363864898681641e+01 2.000000000000000000e+00
1.812719555181959379e+02 1.162226390838623047e+01 2.000000000000000000e+00
1.817284778022856528e+02 1.164084243774414062e+01 2.000000000000000000e+00
1.821826117250706716e+02 1.165937423706054688e+01 2.000000000000000000e+00
1.826390210677016910e+02 1.167786026000976562e+01 2.000000000000000000e+00
1.831024638595671377e+02 1.169629955291748047e+01 2.000000000000000000e+00
1.835587347623710173e+02 1.171469211578369141e+01 2.000000000000000000e+00
1.840124969222051448e+02 1.173303985595703125e+01 2.000000000000000000e+00
1.844733202045271128e+02 1.175134181976318359e+01 2.000000000000000000e+00
1.849316210340317923e+02 1.176959800720214844e+01 2.000000000000000000e+00
1.853922047168713618e+02 1.178780937194824219e+01 2.000000000000000000e+00
1.858502038559879850e+02 1.180597496032714844e+01 2.000000000000000000e+00
1.863055630508296758e+02 1.182409667968750000e+01 2.000000000000000000e+00
1.867680917180450990e+02 1.184217357635498047e+01 2.000000000000000000e+00
1.872279654943167486e+02 1.186020565032958984e+01 2.000000000000000000e+00
1.876851281044732502e+02 1.187819385528564453e+01 2.000000000000000000e+00
1.881445287266626849e+02 1.189613819122314453e+01 2.000000000000000000e+00
1.886011536663646666e+02 1.191403865814208984e+01 2.000000000000000000e+00
1.890600004470202009e+02 1.193189620971679688e+01 2.000000000000000000e+00
1.895210853246949512e+02 1.194970989227294922e+01 2.000000000000000000e+00
1.899793207619037503e+02 1.196748065948486328e+01 2.000000000000000000e+00
1.902092704481237320e+02 1.198520851135253906e+01 2.000000000000000000e+00
